0.8934435341843981 0.9676185706382983 1.4245367899574486 0.4863412899242184 20.0 20.0 1.8999999999998978 2.699999999999991 0.9000000000000564
0.9322325330496464 1.0420749220709196 1.6128430178808533 0.4957385310412357 20.0 20.0 1.8999999999998978 2.7199999999999758 0.9000000000000564
0.9822123097872333 1.1360186813333328 1.8487851734468046 0.5139966615961494 20.0 20.0 1.8999999999998978 2.7399999999998297 0.9000000000000564
1.0215872842553189 1.2170959595177315 2.079285418641132 0.5241539579855234 20.0 20.0 1.8999999999998978 2.7600000000001703 0.9000000000000564
1.072546396312057 1.3222762227234035 2.380133151148934 0.5349513105894709 20.0 20.0 1.8999999999998978 2.780000000000038 0.9000000000000564
1.1130652734751783 1.4075210907517772 2.6345117302950385 0.5469836729318649 20.0 20.0 1.8999999999998978 2.799999999999983 0.9000000000000564
1.1474289489361664 1.4858952523404259 2.8974202650212724 0.5531287178974849 20.0 20.0 1.8999999999998978 2.8199999999998586 0.9000000000000564
1.20549063858156 1.6095001236879418 3.278584491858153 0.5708955562205742 20.0 20.0 1.8999999999998978 2.840000000000108 0.9000000000000564
1.2444314720567347 1.70462934697872 3.629385352624112 0.5760323956701563 20.0 20.0 1.8999999999998978 2.8599999999999928 0.9000000000000564
1.28696499938688 1.8061700873697135 4.000496101134279 0.5846167809124616 20.0 20.0 1.8999999999999189 2.8799999999999804 0.9000000000000535
